[FOCUS SHIFTER]
Smin=524287
Smax=-524288
Zmin=-10.000
Zmax=10.000
XZFactor=0.0000000000
YZFactor=0.0000000000
JumpSpeed=983025.000000
JumpDelay=800
NaturePos=-524288
