[FOCUS SHIFTER]
Zmin=-10.000
Zmax=10.000
XZFactor=0.0000000000
YZFactor=0.0000000000
JumpSpeed=983025.000000
JumpDelay=800
NaturePos=-32768
Smin=32767
Smax=-32768
HalfScanAngle=22.500000
